// memory data file (do not edit the following line - required for mem load use)
// instance=/ciph_top/TRV_TST/zerobits
// format=mti addressradix=h dataradix=s version=1.0 wordsperline=8
 0: 01010001 01101100 01001110 11110101 11000110 01000001 11000000 10100011
 8: 01010101 00011110 10110010 10001001 10111110 00111100 00010000 01001000
10: 01101100 00100011 11001001 10010111 01001101 00110111 00110001 11101011
18: 11010000 01110111 11111010 10010010 00010000 11010010 01001100 10010111
20: 11011111 11000101 00110000 11001101 11010110 11000010 00010011 10100001
28: 01011110 11010010 10001110 01010111 01100111 10111111 11001100 01001010
30: 01111000 01010101 00011001 11001111 01100110 01011001 00001111 11010010
38: 10011110 00110010 01001110 00111101 10100010 10010111 00011010 01101101
40: 10001000 10100001 00100101 11011101 00001111 11011011 10000101 10101111
48: 10001100 11111100 11000111 11111000 10010011 01011011 10111011 00010100
50: 11111110 01010100 10011100 00111010 10000111 11101101 01001111 10001001
58: 11010111 01010110 00011101 01111010 00111110 11011100 00011001 10101101
60: 01100101 00001101 11100110 01011001 00010111 01101010 11101101 11101101
68: 00001001 01111011 11001000 10011111 00111000 10100101 11110101 10000111
70: 11010111 11110110 00010111 00111111 11101101 01100000 10101011 11101110
78: 00001100 00101001 11100111 11001110 10110001 10010100 10101100 00110000
80: 01111110 01001111 10001100 00010101 11011011 01001000 01110000 00000000
88: 10100000 11010111 11000011 00000100 11110100 11001011 11100011 10000000
90: 10010101 01111100 00000000 01110100 11010100 10101110 00010110 00010001
98: 11101011 11111001 10111110 01100010 00100110 01101000 11011110 01000101
a0: 00111101 11010010 11101010 11000100 00000010 01010001 10100101 10100101
a8: 01011010 11100001 00100000 01000000 00011100 10010011 10010100 11101100
b0: 00111100 11010101 01101101 11011101 01101100 10110011 10010111 01001010
b8: 10100010 11111100 10101001 11000101 00101100 01001011 11111000 10101001
c0: 01101001 01111000 11010000 00111000 10010001 11011101 10111010 10110111
c8: 10110001 00101010 00000010 10110110 11001001 00010101 01000011 10110110
d0: 10001000 00101001 11000001 11011100 00000001 10111111 00011101 01111000
d8: 00110000 11100011 00001110 00011000 10010110 11000000 01101110 01011100
e0: 11100100 01011110 10101110 10001110 00000110 11111001 01010110 10001010
e8: 11011101 11000000 01100000 10010010 00000110 10010010 00100101 00100110
f0: 10100000 01111001 11000110 11100010 00100011 10101010 01101101 00110101
f8: 01001000 10111010 00110110 10011111 01101110 10100100 11000000 01110111
